.Random.seed <-
c(403L, 10L, -204400502L, -1822651540L, 1924542703L, -1305093339L, 
1902691804L, 1731634098L, -62879059L, -701767065L, -1482014322L, 
323487336L, -1615908245L, -1230828535L, -727666024L, -965491258L, 
764265761L, -246684237L, 1432203554L, 202509076L, 1603089303L, 
1420114829L, 1741735588L, 28977290L, -2142286091L, 624087375L, 
-8380842L, 578880768L, 738320451L, 1322882017L, 993176400L, 760200622L, 
-828091559L, 896113003L, 1500840154L, 2099947932L, -1979468385L, 
-35846155L, 867960460L, 1311388514L, 395172669L, -57259081L, 
282722398L, 1960762776L, -103134981L, -728820583L, -1931692760L, 
1680184278L, 1348700241L, -969897213L, -1361196398L, -892938204L, 
1199695591L, -1484235971L, -1896938572L, 257839130L, -1734855835L, 
-568848897L, 319225990L, 501353488L, 1470131L, 2136096081L, 583800064L, 
1088782302L, 1194556457L, -2147410981L, -1041784598L, 1025339020L, 
378728911L, -1294154363L, -511713732L, -1813204206L, -1083731955L, 
1164776263L, -1203836626L, -117505912L, 1893762443L, -1899913879L, 
-1717416136L, -481414682L, -406149759L, -914196205L, -1906723134L, 
-256855692L, 674744695L, 1166031469L, -1857325820L, 2123714602L, 
1682017685L, 1487409711L, -1550000330L, 1953996640L, -554343005L, 
-928133439L, -92051792L, -1684684338L, -2138229447L, 781822283L, 
1126374138L, -1658545156L, 1788402751L, -934034155L, -1502400980L, 
-1548602622L, -1862201379L, 703367895L, 2068612542L, 1825325048L, 
-204112933L, 2077488697L, 1807671176L, -877879498L, -1865917071L, 
75282339L, 2122940146L, -933517756L, 1228540167L, 341922013L, 
-524257836L, -491738886L, -1709813691L, -1681819489L, 1455301158L, 
-624396624L, -1510171821L, -1840941455L, -933610592L, -1209652418L, 
-278154679L, 526804731L, 1322374858L, -1112004564L, -1226477521L, 
-1671655195L, -312542820L, -1765899278L, 1638399597L, -1048286297L, 
-1906059826L, 91538216L, -166704853L, 59036489L, 983824472L, 
581754118L, -340707103L, 335130739L, 2091289826L, 883448916L, 
52175191L, -624115379L, 764531940L, 2053253322L, -682851019L, 
1653009295L, -2091765610L, -1397903296L, -430597885L, -2121075423L, 
1406342672L, 1247020526L, 1151334809L, 1020180011L, 784711450L, 
1054664156L, 1548782559L, -1473004619L, -688757428L, 870257570L, 
-597009667L, -201038857L, 1932631326L, -195797032L, -1554222789L, 
753886937L, 666540648L, -652874858L, 2073267985L, 1467644099L, 
1314851026L, 1234382180L, 28930215L, -1077156355L, -814106636L, 
-1093517094L, 738857509L, 1696239423L, 2114731206L, 1032483152L, 
-1646288525L, 248482705L, 1422425536L, -78104674L, -1221129879L, 
-286275173L, -1630315350L, 1264405196L, 1781830543L, -1599789115L, 
-216585348L, -564857902L, 144106317L, 1585701383L, -593452562L, 
-1010549560L, 649761739L, -552618455L, -204424072L, -950175322L, 
1410980801L, -994846637L, 917704450L, 406166068L, 1804300215L, 
1384837037L, 1540410564L, -1718681366L, 229513045L, -2132637457L, 
2023800566L, -109950432L, 2005917667L, -880536447L, 1725752048L, 
-1356650098L, 1516013305L, 47109259L, 541031610L, -1271441476L, 
-648706817L, 395990400L, -1837690860L, -369748184L, -388995526L, 
-1714261552L, 2107029868L, 725152692L, -2105751022L, 1642899424L, 
832301516L, 1344387296L, -496727006L, 147247912L, -843310580L, 
-686292164L, -878075918L, -1383648528L, 2028608068L, -766284200L, 
1402148666L, -846827536L, 42476220L, 982193428L, 461102274L, 
87403616L, 1491842428L, -672608304L, 1305895202L, -1746512216L, 
859043724L, 1421997244L, 716016434L, -1221097920L, 2086589620L, 
1119896648L, -1362885190L, -1194890736L, 1259371756L, -1144225452L, 
-1421544686L, -1240363616L, 38468300L, 19151456L, -399204414L, 
1716073256L, 598235564L, -2094633668L, -2067088526L, 1894448432L, 
-973568220L, -531872456L, -1085282598L, 1838776208L, 1538276092L, 
1219480468L, -123886526L, -966052608L, 293591100L, -1421083312L, 
996275362L, -1284920504L, 168599308L, -524386596L, -850964654L, 
281720448L, 1800296532L, -556162072L, -1710810374L, 2040333648L, 
-938512596L, 629908340L, 960394130L, 1253180000L, -708167796L, 
-1216055456L, -796675102L, 1162718120L, -292012852L, 1056946684L, 
-1236564046L, 33625584L, -2036320828L, -677885608L, 667868538L, 
1782709680L, 1871016892L, -501735340L, 1462063042L, 1165119520L, 
1745899708L, 1400261200L, -1564608542L, 411852392L, -178123188L, 
1492730108L, 1654589426L, -52828928L, -1877519500L, -1883369464L, 
-1037463110L, 294268368L, -210045972L, 1802840980L, 990489554L, 
-2023127200L, 1701781836L, 876572960L, 49586050L, -601930008L, 
-705152788L, 938120764L, 799101810L, -1382148496L, -645848028L, 
-154403016L, 1903622298L, 906796752L, -1770808132L, 488671892L, 
-693284222L, -395796288L, -1115892420L, 661993616L, -1254869470L, 
1192571400L, -2102117108L, 1114460828L, 1727481362L, -1894430336L, 
-734389740L, 602590760L, -1877151430L, 1110703056L, -89489812L, 
-471772364L, -1290300782L, 707798368L, 1102912844L, 458150880L, 
817098658L, -308936792L, 1813596044L, 1752582844L, 339235698L, 
-1805326096L, 899679300L, -2111584936L, -761085894L, -1556589712L, 
693220412L, 1376197396L, 1487463874L, 565370080L, -824311940L, 
678188752L, -726652254L, -1693318104L, 351318284L, -2040456260L, 
1170152754L, -956151872L, 443979316L, -1122917432L, -2142651206L, 
752402320L, 2016117228L, 1442313300L, -865105262L, -1198511328L, 
-1178523188L, 1469469664L, 886230722L, -1917725144L, -743371092L, 
-395133252L, 226198002L, -1321553616L, 1368729764L, -932406600L, 
-430565542L, 755355024L, -1419829892L, -124139244L, 1355121986L, 
-425446656L, 185377724L, 290452304L, 2134809890L, -550926008L, 
-1161585652L, 852456540L, -1680112430L, 1473016832L, 625330004L, 
-2058470936L, -539597830L, 1142702800L, -1161327316L, -1760312076L, 
435884946L, 337319008L, -1959405300L, -1483615520L, -2063000222L, 
864876200L, -728498612L, -333261956L, -1415971022L, -1080440208L, 
956961092L, -672888872L, 427398266L, -1446811088L, -1552714052L, 
-802846892L, -429287870L, -318023776L, -90807108L, -1942728240L, 
-383520414L, -757674008L, -1514023988L, -1142032644L, 1588319218L, 
-587797376L, -1626396428L, 2040635528L, 1088572655L, 916037672L, 
-1444162426L, 1873501875L, -787128299L, -779406734L, 989060800L, 
1694642985L, 833806747L, -2095122836L, 1375681146L, 889609135L, 
285261497L, 833859790L, -1975981540L, 988832141L, -1791119369L, 
-443370752L, -889222818L, -1146230229L, -172481235L, -452150886L, 
452949848L, -904921407L, 925294963L, -527258988L, -1429311710L, 
-1680606665L, -211185919L, -2065914362L, 599243844L, -943702667L, 
-337444641L, -2098035656L, 2088707094L, 1615741987L, -1817893915L, 
-1754044926L, -1027486608L, 469359129L, -1895697397L, -1723312388L, 
61140778L, 276144479L, 1412167913L, -745136130L, -1053789204L, 
936720189L, 802532103L, 264233712L, -1182340466L, 129475771L, 
1889398941L, -2075149238L, 277653096L, 1868941905L, -694912701L, 
-1746595772L, -631676174L, -3257657L, -1171691375L, -442239466L, 
-998009740L, 1097371397L, 824065359L, -1671782584L, -931268890L, 
1308129299L, 1573625717L, 139824978L, 1613752224L, -2132073847L, 
2103133883L, 803521804L, -1360721766L, 252063247L, 1388767833L, 
1499367150L, 41194876L, 1450579437L, 1724691095L, 1312738656L, 
-1474717378L, -1138138613L, 648550029L, -1794262086L, -1899662856L, 
-232661599L, 323334995L, -170386828L, 1176812546L, 1005989527L, 
1418696801L, 980923558L, 537011364L, -1305975467L, -501363201L, 
1261905048L, -1673088586L, 1529809475L, 2134519685L, 2132241442L, 
520699664L, -1964361031L, -774033557L, -10908068L, 336851850L, 
-754095233L, -1311467831L, 421060446L, 419857420L, -1802574883L, 
-1188067609L, 664200976L, -1774864850L, -166531877L, 871809469L, 
280551210L, 1269729224L, 1550826737L, -1763593629L, 942495332L, 
166108562L, 1554168423L, 1936839217L, 803209078L, 829940884L, 
-1034560859L, -17164369L, 261579880L, 2063763526L, 219528691L, 
1229551957L, 266505010L, -614338816L, 1858501609L, 1863222875L, 
-602400596L, 499322554L, -125137809L, -232420871L, -105894770L, 
433227100L, -497535539L, -1269565129L, -2056264768L, -1454383970L, 
